# Coordinates of image in NEB, written by ASE 
22
    51      38.294892421951879      16.910312847833115      10.645667120769543
  3416      36.362861445784425      18.513499540515213      12.252355521989369
  3417      35.600003420615309       18.15096415425387      12.704623455146432
  3418      36.308898030025134      19.457134689878771      12.409942164897972
  4745      38.822934320544888      17.484184703702343      12.505399603963088
  4746      38.327683920955579      18.162981171915273      12.968775031584743
  4747      39.453656419761302      17.163531678304782      13.152404426847738
  6917      37.454855987658576      18.539834583186533      9.8089774166606709
  6918      37.757419436378434      19.165365485267706      9.1483846502346111
  6919      36.630465689573221      18.910595032096339       10.13094127599947
  8342      36.692578865627979      15.777588504618832      11.172061064155104
  8343      36.432109671472858      15.495353564063196      12.050656564396059
  8344       36.02261638126874      15.409165452979284      10.593345427689925
 10241      38.072763999499031      16.096218331264893       8.773068735206639
 10242      37.528311171584413      16.423148728174922      8.0545970489010479
 10243      38.505745857362953      15.320506396326129      8.4120407088022162
 11081      39.400549018349565      15.213027092081344      11.047257438184326
 11082       40.34896299181775      15.115761693546849      11.150004305304535
 11083      39.051603978747927      14.332424386202245      11.196571715137626
 11231      40.067079214870461      17.724561451584027      10.021826370533534
 11232      40.541610550157543      18.460050617829591      10.413507803830791
 11233      40.607196813828793        17.4614256901936      9.2744751756412818
