# Coordinates of image in NEB, written by ASE 
22
    51      38.337531228288668      16.869515308133089      10.606636670670261
  3416      36.304789574088858       18.57918493021139       12.32390786671788
  3417      35.516680754216374      18.221081700228886      12.734489309228431
  3418       36.27653597475215      19.515266775786444      12.526751175425204
  4745      38.781614154904538      17.483224425748428      12.471873998264289
  4746      38.219282740722711      18.120407129569166        12.9174477554036
  4747      39.426699604531798      17.228348238526642      13.133800627007274
  6917      37.437580078475229      18.505731259621111       9.863203918038856
  6918      37.672970461645136      19.147668064120666      9.1910991199946519
  6919       36.64999866908866      18.867286072038947      10.275195473752817
  8342      36.704882459975508      15.797855096028362      11.150928991776794
  8343      36.431885648651487      15.551270536857498      12.036422984982485
  8344      36.025623472216594      15.433708945556665      10.580401278196721
 10241      38.104329618798182      16.077936114670486      8.7342955427233857
 10242      37.580836562587194       16.42823072115095      8.0112722795842597
 10243      38.499369310945291      15.279449573774412      8.3794626007192061
 11081      39.428200886556063      15.182371977715531      11.032659606617807
 11082      40.379174113407721      15.080523102218104      11.101820794404315
 11083      39.078602406347912      14.312364594925597      11.233623723050117
 11231      40.094163400600607      17.709068287103634      9.9941782149384135
 11232      40.567752803374724      18.433852771051804      10.406415011490779
 11233      40.621353663890304      17.484646563786573      9.2252786281718215
