# Coordinates of image in NEB, written by ASE 
22
    51      38.394382970071049      16.815118588533053      10.554596070537883
  3416      36.227374613976373      18.666788457179749      12.419311584123271
  3417      35.408351777779728      18.318815348238822      12.774342379211721
  3418      36.230393219735575       19.58816743250615      12.682455208829927
  4745      38.726382155799911      17.482099569714489      12.427382904252626
  4746      38.084577145227229      18.057983432717968      12.848332420479016
  4747      39.383125459516535      17.317960086252135      13.106345666828613
  6917      37.414086635598352      18.460647748003101       9.935760406545139
  6918      37.557360357504116      19.120446696525313       9.255059046803364
  6919      36.686338357486022      18.807013296348444      10.456487543726801
  8342      36.721167898089988      15.824813636345667       11.12289547676067
  8343       36.43290571919853      15.626531834385775        12.0156552759509
  8344      36.030208714374233      15.466737521896135       10.56266876727863
 10241       38.14645163189244      16.053492362696009      8.6825975349636924
 10242      37.652042721516558      16.432976074992439      7.9538548700171274
 10243      38.489146985179737      15.227808648242041      8.3356828053600509
 11081      39.464980740785307      15.141419180115376      11.013228073419283
 11082      40.417264789348344      15.031728375107544      11.038319101176643
 11083      39.118208674506441      14.288687090084922      11.281771619696672
 11231      40.130335800564488      17.688379698209445      9.9571942363747805
 11232      40.602764819919201       18.39828049780396      10.395817449885339
 11233       40.63911896523161       17.51674218925266      9.1627249071969281
