# Coordinates of image in NEB, written by ASE 
22
    51      38.133812486901803      17.064436886699877      10.793115487811276
  3416      36.582320008122522      18.265476478709008      11.982049384061948
  3417      35.932718266322453       17.91332142113076      12.591914081098221
  3418      36.412008996268355       19.20834633122125      11.968503320331056
  4745      38.977328460626246      17.489398877451251      12.633767766547098
  4746      38.808457861998008      18.280070657286146      13.150561001764892
  4747      39.511287302619422      16.937232490862776      13.207565820353233
  6917      37.515857719481481      18.672410633173428      9.6063638347534006
  6918      38.064667530621492      19.203656477130426      9.0268795834669149
  6919      36.636121003766497      19.043386012481033      9.5105307520311797
  8342      36.645337854215093      15.700621456016703      11.252733564493704
  8343      36.441130333845969      15.288473886723395      12.094080392839906
  8344      36.015157824318891      15.318502084156673      10.639255790742302
 10241      37.953704974135306      16.164921156404358      8.9195510132691069
 10242      37.337352578444204      16.391126897447339      8.2206557297567748
 10243      38.519366372132545      15.494200352144148      8.5326345925223137
 11081       39.29553636133658      15.328355779874551       11.10260021604196
 11082      40.220979527912256      15.237499207582051      11.336708247161038
 11083      38.972193525130834      14.427203501608693      11.048818237490183
 11231      39.965074080115457      17.782897067688253      10.125603606091827
 11232      40.443993192130229      18.554823963028905       10.43269316863095
 11233       40.54760633539027       17.38097996833746      9.4785950474561638
