# Coordinates of image in NEB, written by ASE 
22
    51      38.342268873437199       16.86498224816642      10.602299953992562
  3416      36.298337695708817      18.586484198735679      12.331858149505297
  3417      35.507534090047415      18.229043026375368      12.737808912275073
  3418      36.272820021901417      19.521541251420111      12.539728426184231
  4745      38.777016601631864      17.483124516863388      12.468157534014123
  4746      38.207640759686022      18.115442572627892      12.911710707193803
  4747      39.423403774938137      17.235676427376227      13.131630996306972
  6917      37.435640915514171      18.501958453371348      9.8692400652773316
  6918      37.663473286311529      19.145554877945617      9.1961186749575177
  6919      36.652594351752683      18.862359624008469      10.290775918981552
  8342      36.706244716348941      15.800104378445203      11.148586645839782
  8343      36.431913620278394      15.557511795221499      12.034770658396724
  8344      36.025981075955237      15.436448391750202      10.578943980463732
 10241      38.107838259831894      16.075902127848131      8.7299874062423637
 10242      37.586719929287426       16.42871375041333      8.0064726691262269
 10243      38.498592164592168      15.275011079017752      8.3758286213546143
 11081      39.431269754412092      15.178962704403714      11.031038906419417
 11082      40.382442916885232      15.076535115613225      11.096496874385085
 11083      39.081746759495964      14.310258309856172      11.237690474245333
 11231      40.097175083312642      17.707345575302327      9.9911014905006947
 11232      40.570664005668085      18.430915916264865      10.405580499751775
 11233      40.622883174765484      17.487272470898624      9.2199334871233329
