# Coordinates of image in NEB, written by ASE 
22
    51      38.285417131654818      16.919378967766452      10.654340554124939
  3416      36.375767495974777      18.498904705825272      12.236455047372022
  3417      35.618769507167087      18.135764178135737      12.697988966287207
  3418      36.315820773055549      19.443804293544733      12.383981502344788
  4745      38.832099970220881       17.48441478810247      12.512869703007185
  4746      38.352695442105713      18.171899158776743      12.980085851033456
  4747      39.458988099524234      17.149405994346221      13.156316943592826
  6917      37.458647875083244      18.547452683761321      9.7969535060278083
  6918       37.77594988026847      19.168961803045271      9.1394870010509379
  6919      36.627110300883921      18.919927353018803       10.09787091035941
  8342      36.689833953389808      15.773079080091213      11.176769563436986
  8343      36.432277241428451      15.482990510939448      12.053664071339186
  8344      36.022001469163342      15.403739476879183      10.596179265698051
 10241      38.065752345474216      16.100275363171967       8.781685019616118
 10242      37.516744636491275      16.421836851870786      8.0642572011326976
 10243      38.507010615784125      15.329902885818759      8.4192475545066294
 11081      39.394396250060971      15.219832377514631      11.050504234334303
 11082      40.342052752741893      15.123430471011188      11.160778287827668
 11083      39.045926522151909      14.337154651807484      11.188226421499984
 11231      40.061065502538213      17.728001585473066       10.02796014164705
 11232      40.535816256426955      18.465813817741026      10.414978847424408
 11233      40.603956454167971      17.456368351188534      9.2856757899296127
