# Coordinates of image in NEB, written by ASE 
22
    51      38.304367712248947      16.901246727899775      10.636993687414147
  3416      36.349955823408195      18.528095064106839      12.268256012973778
  3417      35.581329331193423      18.166304463536765      12.711258759041455
  3418      36.301876499015805      19.470313817859978      12.435901752615013
  4745      38.813762083346525      17.483961084006609      12.497937015192303
  4746      38.303016131143146      18.153859435189865       12.95742494959867
  4747       39.44808557481219      17.177758495511707      13.148411959326625
  6917      37.451046019212754      18.532231666618948      9.8210114298609419
  6918      37.738806438647529      19.161643431914996      9.1574972071590839
  6919        36.6341906387593      18.901147425453416      10.163636372153929
  8342      36.695319813850283      15.782095819947443      11.167357111097767
  8343      36.431985265327668       15.50773967586807      12.047592555497848
  8344      36.023251051835366      15.414601850485194      10.590495927752828
 10241      38.079776709768829      16.092159253572557      8.7644524636975305
 10242      37.539916593907904      16.424393568026815      8.0449489224466788
 10243       38.50442544554906       15.31120941678253      8.4048216325482947
 11081      39.406698893173086      15.206219265739632      11.044011676506473
 11082      40.355801021291093      15.108033467152753      11.139254738629282
 11083      39.057399573974585      14.327793902294825      11.204876172373618
 11231      40.073094717562981      17.721120293199554      10.015688885570363
 11232      40.547410498118488      18.454265824701839      10.411997877365879
 11233      40.610403100217709      17.466520884604989      9.2633723955170382
