# Coordinates of image in NEB, written by ASE 
22
    51      38.280679486506287      16.923912027733124      10.658677270802636
  3416      36.382220680310013      18.491607544656443      12.228504816070423
  3417      35.628187382734914       18.12821727946255      12.694672015183643
  3418      36.319244784602049      19.437081939614099      12.371000782389547
  4745      38.836680167686062      17.484532371392799      12.516607649471071
  4746      38.365332572814332      18.176279866433564      12.985725159684325
  4747      39.461564274521045       17.14238110248672      13.158243318822251
  6917      37.460536766668092       18.55126767165504      9.7909454776840104
  6918      37.785185089140008      19.170711661783198       9.135118547141893
  6919      36.625574560609472      18.924547563835546      10.081193022584715
  8342      36.688459998253755      15.770823570378226      11.179125520260026
  8343      36.432377308595356      15.476817680801188      12.055146643732082
  8344       36.02170152536555      15.401030450607545      10.597590267055592
 10241      38.062246912434809      16.102303117164187      8.7859931681725492
 10242       37.51097607337622      16.421155585657079      8.0690918530597902
 10243      38.507622036885984      15.334638553517948      8.4228463007247711
 11081      39.391318775234019      15.223234064046428      11.052128021783824
 11082      40.338570349015235      15.127242407602067      11.166174500847657
 11083       39.04313239084653      14.339557414622911      11.184038372238417
 11231      40.058059311060418      17.729721265653328      10.031025638919376
 11232      40.532921273947494      18.468687233818503      10.415699606222173
 11233      40.602323559110587      17.453854004814733      9.2913128968189689
