# Coordinates of image in NEB, written by ASE 
22
    51      38.162238357792994      17.037238526899859      10.767095187745088
  3416      36.543583637030437      18.309231893058737      12.029750197600405
  3417      35.871719088664868      17.951809106093254      12.611796189104568
  3418      36.396230906170679      19.255911515374148      12.046416354292651
  4745       38.95037732316456      17.488213224437757      12.610841420388985
  4746      38.713723432054472      18.265762256247026      13.120906935230074
  4747      39.506328263350717      16.975027645483891      13.199741313097825
  6917      37.505781214328081      18.648374153391231      9.6417885700949864
  6918      38.011103589807234      19.201483574795116      9.0435113619309533
  6919      36.623537783188389      19.025538143088752      9.6300730308505074
  8342      36.653768634337439      15.714253837661833      11.238398779487127
  8343      36.438545761867637      15.324453114258539      12.087613314818489
  8344      36.015972554082289      15.334237398971755      10.631520925504958
 10241      37.974694319800967      16.152837243374481      8.8936999720914383
 10242      37.370124475000203      16.398358970636085      8.1910419368631899
 10243      38.518223891520591      15.461330556665402      8.5116821217256273
 11081      39.314135536447893      15.308061991024415      11.092810042748548
 11082      40.245283029366703       15.21742603432909      11.303181170305516
 11083      38.983417025798929      14.408141924410799      11.075849500705413
 11231      39.983041314152231      17.772626085698867      10.107366140845762
 11232      40.461069696997193      18.538627658338108      10.430273407615298
 11233      40.558806879393309      17.394274233701928      9.4403990141393557
