# Coordinates of image in NEB, written by ASE 
22
    51      38.190664228684184      17.010040167099842        10.7410748876789
  3416      36.504850798431008      18.352992912194939      12.077451117351995
  3417        35.8117720255607      17.991879804300954      12.631680035870628
  3418      36.379344628971992      19.301804719457547      12.124325963534593
  4745      38.923267284921558      17.487170080408454      12.588060781469812
  4746      38.623801527538177      18.248277276545608      13.089848073674624
  4747      39.499078988831691      17.013737281577214       13.19100873660649
  6917       37.49534021530598      18.624690713340108      9.6773763408272426
  6918      37.957508592596042      19.196825825468576      9.0623331248521364
  6919       36.61677136340046      19.004571192008068      9.7448374048707791
  8342      36.662157096688119      15.727863777277765      11.224106834234446
  8343      36.436402582789391        15.3606673281305       12.08063032078104
  8344      36.017017616402768       15.35009395798151      10.623621965213127
 10241      37.995692571649066       16.14073647662417      8.8678495922468095
 10242      37.403314080177473      16.404880784900044       8.161571008741614
 10243      38.516522331199425      15.429438545375262       8.490576288575868
 11081      39.332704310254478      15.287742050262574      11.083030545849278
 11082      40.268810498129831      15.196716262523726       11.26991567771586
 11083      38.995899130179836      14.390132064617282      11.102449709348447
 11231      40.001022470005509      17.762344671314487      10.089096149248093
 11232      40.478215474953281      18.522191280260841      10.427413476509622
 11233      40.569717164225736      17.407974169671522       9.403159453579315
