# Coordinates of image in NEB, written by ASE 
22
    51      38.181188938387123      17.019106287033182      10.749748321034296
  3416      36.517761349737967      18.338405278271019      12.061550798550684
  3417      35.831641936803322       17.97835344314651      12.625051804260886
  3418      36.385092099442403      19.286686407769043      12.098356570407173
  4745      38.932319576881532      17.487503831227183       12.59564011222059
  4746      38.653277067403451      18.254429431662189       13.10033288191002
  4747      39.501746018334899      17.000731894413477      13.194013389763091
  6917      37.498856477355787      18.632551377509685      9.6654968282488021
  6918      37.975394063957999      19.198617006481221      9.0558264375731738
  6919      36.618436049549118      19.011858349103317      9.7070839942339191
  8342      36.659365533036095      15.723329566132371      11.228866094911465
  8343      36.437068840371431      15.348570286584742      12.083015074095536
  8344      36.016644531613963      15.344795417346095      10.626272802672624
 10241      37.988692159908638      16.144771952389231      8.8764663186220183
 10242      37.392205649043589      16.402783882420195      8.1713793618652595
 10243      38.517150532771737      15.439962229564644      8.4976279179047474
 11081      39.326518006656201      15.294518196366312      11.086289222027816
 11082      40.261051885485983       15.20368831947199      11.280975904436982
 11083      38.991602365379251      14.396021589966539      11.093629595477598
 11231      39.995027181448137      17.765772949780434      10.095189760982763
 11232      40.472492777560689      18.527695977393694       10.42841423719247
 11233      40.566112760914237      17.403363518908886       9.415467815276072
