# Coordinates of image in NEB, written by ASE 
22
    51      38.171713648090055      17.028172406966522      10.758421754389692
  3416      36.530672296463528      18.323818272931096      12.045650492053499
  3417      35.851623461601399      17.964995348892341      12.618423872436557
  3418      36.390721679732891      19.271389851436776      12.072386682186309
  4745      38.941356629491963      17.487851209603992      12.603233312089712
  4746       38.68324441028301      18.260263034313617      13.110690153425971
  4747      39.504163144588439      16.987828744504935      13.196925430054735
  6917      37.502337627187813      18.640444911828979      9.6536340063655501
  6918      37.993256077011381      19.200176012484896      9.0495507972001903
  6919      36.620681543073268      19.018855921308269      9.6688345991861517
  8342      36.656569400357689      15.718792930774397      11.233630069340629
  8343      36.437783059234171      15.336498791353042      12.085342781303876
  8344      36.016296011368823      15.339509810809016      10.628905863127972
 10241      37.981692743691738      16.148805538279568      8.8850831105745378
 10242      37.381142221680747      16.400610303068238      8.1812028926306049
 10243      38.517717928265725      15.450592589298346      8.5046633286591735
 11081      39.320328432164942      15.301291523447995      11.089549048767156
 11082      40.253209839086274      15.210591940337148      11.292064252563828
 11083      38.987440954413316      14.402024298765902      11.084763096928768
 11231      39.989033467611549      17.769200091563988      10.101279757717903
 11232      40.466777467220197      18.533174917966168      10.429367828950975
 11233      40.562475974431891      17.398796667682166      9.4278807281060804
