# Coordinates of image in NEB, written by ASE 
22
    51      38.228565389872436      16.973775687366487      10.706381154257315
  3416      36.453212584344023      18.411349805269651      12.141052521179956
  3417      35.733364325593911      18.047604412592602      12.658196920646262
  3418      36.355219449251223      19.360557889537215      12.228197536033175
  4745      38.886925206460205      17.485954219838234      12.557865182514874
  4746      38.510473079458158      18.220754549886692      13.046850521263933
  4747       39.48594689830599      17.066781740729027      13.178116273145292
  6917      37.480965345513816      18.593530499776548      9.7250482374865008
  6918      37.885584819106271      19.187643582179096      9.0905964426887511
  6919      36.615412418222895       18.97295676007737      9.8911724194279156
  8342      36.673278863789108      15.745977006771129       11.20511653552191
  8343      36.434207444597895      15.409305904024968      12.070522937693456
  8344        36.0187462298829      15.371412561737131      10.612845000678584
 10241      38.023704247386263      16.124575473328516      8.8333832610629113
 10242       37.44818533661018      16.412521471592466      8.1224831163915976
 10243      38.513412802591034      15.388393916862315      8.4622151347733503
 11081      39.357417704096854      15.260609977598774      11.070007056758143
 11082      40.299034725652703      15.168163341016447      11.225947896905046
 11083      39.014401511666904      14.367674987955901        11.1372790090757
 11231      40.025019676517097      17.748620399735287      10.064685487006132
 11232      40.501177140036241      18.499923207227305      10.422954671298282
 11233      40.583809098219938      17.426843167718719      9.3549566280165415
