# Coordinates of image in NEB, written by ASE 
22
    51      38.408595905516641      16.801519408633048       10.54158592050479
  3416      36.208023536831163      18.688693674061724      12.443162631679257
  3417      35.381750791430953      18.343989704512374      12.784312275977033
  3418      36.218334004307508      19.605582839154998      12.721372711606291
  4745      38.712558123327661       17.48184060149504      12.416295600183885
  4746      38.052546737874785      18.041450898119574      12.830995102787449
  4747      39.370840424586504      17.340936543029162      13.098977391452665
  6917       37.40814381988779      18.449437227387872      9.9539365788006755
  6918       37.52786754115639      19.113009614869668      9.2723543972911067
  6919      36.697116054358709      18.791618768870453      10.499917082196855
  8342      36.725218611613933      15.831542262570059      11.115912559930413
  8343      36.433391525375171      15.645470709911963      12.010141358866504
  8344      36.031451957951766      15.475045862414825      10.558153462953731
 10241      38.156988509899797       16.04736887558003       8.669672828829917
 10242      37.670047369326021       16.43380922188738      7.9395590605490138
 10243      38.486287107182633      15.215450805229835      8.3246825548401127
 11081      39.474159867055313       15.13116677150019      11.008375958888978
 11082      40.426405258962994       15.01921285318546      11.022573680162626
 11083      39.128743831965885      14.283310102084297      11.293587021781628
 11231      40.139390246968972      17.683202177579009      9.9479263608761155
 11232      40.611542338091546      18.389277530145872      10.392975399039234
 11233      40.643355670762361       17.52496128901619      9.1476264602503967
