# Coordinates of image in NEB, written by ASE 
22
    51      38.166976002941524      17.032705466933191      10.762758471067389
  3416      36.537127917609659      18.316525004996503      12.037700343337271
  3417      35.861656849937162       17.95838051197212       12.61511000300051
  3418      36.393491498121996      19.263673637023722      12.059401569655671
  4745      38.945869094951682      17.488030320405674      12.607035432649987
  4746      38.698418650846655      18.263055490720415      13.115816970803698
  4747      39.505277344608267      16.981415455220535      13.198345637671153
  6917      37.504064279470498      18.644404877728253      9.6477090707086131
  6918      38.002181042743999      19.200862539172359       9.046501191368808
  6919      36.622031329676574       19.02223817530712      9.6495189027467223
  8342      36.655169600633272      15.716523693585289      11.236013831023694
  8343      36.438158316571005      15.330472708101782      12.086485203272513
  8344      36.016131117998697      15.336871938896152      10.630215658204502
 10241      37.978193407894835      16.150821625380754      8.8893915323899861
 10242      37.375627594718551      16.399494425246594      8.1861204540219905
 10243      38.517978629455207      15.455948061430322      8.5081748278728693
 11081      39.317232402747976      15.304677117334062      11.091179398757527
 11082      40.249257115720326      15.214017748954742      11.297619111164465
 11083      38.985411666536841      14.405068634001678      11.080312232477173
 11231      39.986037196711386      17.770913232785063      10.104323400938094
 11232      40.463922629943383      18.535904591606101      10.429826673821138
 11233       40.56064546121717      17.396529859034267      9.4341266462797631
