# Coordinates of image in NEB, written by ASE 
22
    51      38.271204196209226      16.932978147666461      10.667350704158032
  3416      36.395127365200437      18.477013730552621       12.21260436522916
  3417      35.647093509977324      18.113230656672762      12.688038674905359
  3418      36.326017412115377      19.423521989815281      12.345038593848983
  4745      38.845834979787298      17.484772868195446      12.524089515168644
  4746      38.390874828311453      18.184880709501428      12.996968634591594
  4747      39.466537248721551       17.12840728245137      13.162036403717938
  6917        37.4642998669419       18.55891005275992      9.7789375600266553
  6918      37.803597472030575      19.174112161073491      9.1265420863132007
  6919      36.622794181886441      18.933690289516914       10.04754760624448
  8342       36.68570906402978      15.766310942583802      11.183840853562915
  8343       36.43261020703001      15.464489516534385      12.058069434187463
  8344      36.021116873963699      15.395620432275232      10.600400342638419
 10241      38.055236830242151      16.106357111256919      8.7946094809627482
 10242      37.499468609488027      16.419742001745721      8.0787704449470485
 10243      38.508802773835711      15.344184970955315      8.4300342562760555
 11081      39.385161631821866      15.230035516987805      11.055376378756172
 11082      40.331550539126304      15.134821039006388      11.176985510151065
 11083      39.037633952999734      14.344438660832866      11.175631276316494
 11231      40.052048244455271      17.733159847244579      10.037153865138759
 11232      40.527135725872469      18.474417519433764      10.417111225174168
 11233      40.599032457200252      17.448854220296273      9.3026609518800871
