# Coordinates of image in NEB, written by ASE 
22
    51      38.209614809278314      16.991907927233164      10.723728020968107
  3416      36.479030889142528      18.382170079556175      12.109251792960986
  3417      35.772357909677623      18.019424191810348      12.644937593814831
  3418      36.367505039338511      19.331519525964346      12.176263051776173
  4745      38.905121026823799      17.486539881953068      12.572940143879418
  4746      38.566254266176244      18.235073884321721      13.068541350800317
  4747      39.493002620910971      17.040055010853049      13.184732969258157
  6917      37.488210999156621      18.609058228765956      9.7011827773607138
  6918      37.921636260905586      19.192611735634209      9.0760234375810143
  6919      36.615078208312077      18.989218356073227      9.8189147098649876
  8342      36.667726762052311      15.736925054743969      11.214602372875548
  8343      36.435211967142223      15.384937018358213      12.075690119976358
  8344      36.017835572755061      15.360728844527754      10.618267805027699
 10241       38.00969639585329      16.132659816327998      8.8506163200426453
 10242      37.425663396488972      16.408848619681653      8.1419985593095667
 10243      38.515085842431191      15.408707764504669      8.4764259072262895
 11081      39.345067288822868      15.274181447197668      11.076516584822063
 11082       40.28408237858833       15.18257088959267      11.247877923673135
 11083      39.004890843344455      14.378686194231507      11.119953405872739
 11231      40.013017831236219      17.755484746710334      10.076898069840077
 11232      40.489682428489949      18.511106304809001      10.425273685641725
 11233      40.576828472076635      17.417324508675371      9.3788533199699007
