# Coordinates of image in NEB, written by ASE 
22
    51      38.223827744723906      16.978308747333156      10.710717870935014
  3416      36.459667009161741      18.404054632171533      12.133102334060382
  3417       35.74307413142111      18.040500943285323      12.654881903502634
  3418      36.358331839906576      19.353360548867993      12.215214180800633
  4745      38.891478445899345      17.486096768602408      12.561629929880588
  4746      38.524259143806944       18.22443406475432       13.05230539468095
  4747      39.487802054262573       17.06006175556788      13.179801663098832
  6917      37.482786937576279       18.59740340231102      9.7190766022439483
  6918       37.89461703125658      19.188951345515687      9.0868714473742784
  6919      36.615147944586035      18.977099766036332       9.873273392061817
  8342      36.671892460720038      15.743714880401397       11.20748625629491
  8343      36.434441323335044      15.403204483955919      12.071835978967991
  8344      36.018510065105069      15.368737154007139      10.614207052946158
 10241      38.020201905072227      16.126597284281974      8.8376915076511171
 10242      37.442538916304862      16.411630520449641       8.127356758424428
 10243       38.51385302066997      15.393433605516412      8.4657733347916846
 11081      39.354331261523782      15.264003851001027      11.071634028465706
 11082      40.295326127743664      15.171789429017743      11.231420459838709
 11083      39.011975922856102      14.370387620021734      11.132964065008689
 11231      40.022018600144193      17.750336896751321      10.067739994821379
 11232      40.498300923871675       18.50272801403888      10.423550902123649
 11233      40.582076242917417      17.424447958139933      9.3608927025467636
