# Coordinates of image in NEB, written by ASE 
22
    51      38.238040680169497      16.964709567433147      10.697707720901919
  3416      36.440304039282687      18.425940638209802      12.156952905787392
  3417       35.71402058137685      18.061926304049464      12.664827358301874
  3418      36.348913965884748      19.374829891769558      12.254163678550121
  4745      38.877810726775692      17.485676381057072      12.550343244141297
  4746      38.483209562159978      18.213203791964251      13.035882303062296
  4747      39.482054974714913       17.08029821849177      13.174684019775981
  6917      37.477302933749449      18.585801572412755      9.7370016188633244
  6918      37.867477814895082      19.184903806960296      9.0982086729901592
  6919      36.616289152755691      18.964527090722989      9.9266477406083684
  8342      36.676048464756434      15.750499556842636      11.200380559502458
  8343      36.433773875196842      15.421526977618742      12.067854409938548
  8344      36.019235248211871      15.376772170812131      10.610108331779788
 10241      38.030709694347991      16.120530391964433      8.8247668009993259
 10242      37.459509645811856      16.414249485161143      8.1127460645633942
 10243      38.512488797042835      15.378391594767503      8.4550879768873521
 11081      39.363588292509739      15.253820238203026      11.066753925883971
 11082      40.306393689861089      15.160863363692979      11.215022411177735
 11083      39.019347377784804      14.362329154274327      11.145876359310037
 11231      40.031023072187317      17.745186592344442      10.058573742049687
 11232      40.506934540343011      18.494295800611201      10.421729790590206
 11233      40.587250111451624      17.431664290610087      9.3431602216013072
