# Coordinates of image in NEB, written by ASE 
22
    51      38.403858260368111      16.806052468599717      10.545922637182487
  3416      36.214473773737325      18.681391735671983      12.435212276870088
  3417      35.390596635540248       18.33556560575904      12.780988657272735
  3418      36.222376832931644      19.599813515878349      12.708400619732519
  4745      38.717166637027454      17.481926058287844      12.419989811673446
  4746      38.063152666971654      18.047001151859444      12.836775435312408
  4747      39.374998327254318      17.333252060722973      13.101456964039606
  6917      37.410127572255568      18.453171549527024      9.9478764167466416
  6918      37.537726021920115      19.115516862581433      9.2665294603932242
  6919      36.693451282315515      18.796762027717577      10.485523214847353
  8342      36.723869276274151       15.82929986866111      11.118239065450028
  8343      36.433219433529175      15.639152311278812      12.011993724823503
  8344      36.031033374142858      15.472274212687253      10.559662162050076
 10241      38.153475927782708      16.049410610213961      8.6739810769141581
 10242      37.664036931511845      16.433546998166619      7.9443218176356574
 10243      38.487253882905655      15.219545510600168      8.3283516160573647
 11081      39.471100862207649      15.134584876644297      11.009993072563994
 11082      40.423375241978142      15.023398657947743      11.027816426045527
 11083      39.125204133188127      14.285078378094378      11.289658374919055
 11231      40.136371576732934      17.684928252329659      9.9510166399229565
 11232      40.608615496830097       18.39228329561708      10.393931044397288
 11233      40.641952714377489      17.522213089896113      9.1526353104154445
