# Coordinates of image in NEB, written by ASE 
22
    51       38.42280884096224      16.787920228733039      10.528575770471695
  3416      36.188673569853421      18.710600705169192       12.46701373090062
  3417      35.355339742666665      18.369457439818888      12.794285118576257
  3418      36.206067229200656      19.622676068906532      12.760286448445051
  4745       38.69873008506466      17.481589143501274      12.405222311481507
  4746      38.021149279527322       18.02456756734664      12.813649873823948
  4747      39.357986026031469      17.364144583423684      13.091394556315734
  6917      37.402176300929128      18.438249057519091      9.9721251644813957
  6918      37.498123493595038        19.1053171728718      9.2901936292717924
  6919      36.708537106131466      18.776124820167873      10.542605696338835
  8342      36.729261237265028      15.838266573106008      11.108939852052286
  8343      36.433968521414059      15.664458437072009      12.004497644509968
  8344      36.032732393428049      15.483373855799657      10.553605905472784
 10241      38.167528010156609      16.041240197459505      8.6567479983706601
 10242       37.68813170093587      16.434503397282395      7.9252856516696193
 10243      38.483305921460193      15.203314332430317       8.313661877195452
 11081      39.483332652408237      15.120908626122459      11.003526170910282
 11082      40.435394835590508      15.006571866473582      11.006879717097673
 11083      39.139530534107358      14.278149640601887       11.30531403571346
 11231      40.148449433612157      17.678022556989539      9.9386495584671408
 11232      40.620328641045219      18.380231828197072      10.390059350171168
 11233      40.647508347969918      17.533256456488402      9.1327437114355714
