# Coordinates of image in NEB, written by ASE 
22
    51      38.143287777198864      17.055370766766536       10.78444205445588
  3416      36.569407494092076      18.280060998471555      11.997949643838712
  3417      35.912263520526778      17.925967853299639      12.598541351047384
  3418      36.406877515378277      19.224394004116963      11.994474612037381
  4745       38.96836463843173      17.488985749173033       12.62610722190372
  4746      38.776305288889873      18.275686237316595      13.140859529993222
  4747      39.509892993437731      16.949730130304669      13.205066968532071
  6917      37.512544486704506      18.664353080209214      9.6181527412316239
  6918      38.046796994488929      19.203251765571839      9.0321674019485787
  6919      36.631218624537347       19.03783767372731      9.5509412552087181
  8342      36.648152932168735      15.705168137276278      11.247950501626445
  8343      36.440218819710019      15.300440360212322      12.091982282525017
  8344      36.015402914558493      15.323733250168813      10.636696131147941
 10241      37.960700437552525      16.160895044729095      8.9109339195533774
 10242      37.348228892980117       16.39361847941041      8.2107679818571917
 10243      38.519048833700118      15.483133348851748      8.5256681888997807
 11081      39.301739561166535      15.321594168617573      11.099335606098252
 11082       40.22916940794866       15.23088093654005      11.325502646907829
 11083      38.975790822478082       14.42072947341862      11.057877913716521
 11231      39.971061633504206       17.77947458555467      10.119528066391371
 11232      40.449677400435597      18.549452671909545      10.431936999044877
 11233      40.551372010948008       17.38536520578463      9.4657552306584893
