# Coordinates of image in NEB, written by ASE 
22
    51      38.266466551060688      16.937511207633133      10.671687420835731
  3416       36.40158086489145      18.469717076038741      12.204654145591515
  3417      35.656582062249839      18.105791354705211      12.684722275790913
  3418      36.329365741200718      19.416683996860165      12.332057136758502
  4745       38.85040945797121      17.484895886265249      12.527833512485698
  4746      38.403782168475971      18.189099155940223      13.002571555760575
  4747      39.468933998504838      17.121458383568545      13.163903119025594
  6917      37.466173831121111      18.562737673997638      9.7729377876945414
  6918      37.812775482013151      19.175761635814645      9.1223340136113631
  6919      36.621552588667676      18.938210350644241      10.030578286571759
  8342        36.6843320742597      15.764053818948774      11.186200232366268
  8343      36.432743121057491      15.458334225184256      12.059509653151924
  8344      36.020832253160791      15.392919485590069      10.601799379080104
 10241      38.051732179525061      16.108383355240456      8.7989176463683787
 10242      37.493729813658156      16.419009520047105      8.0836144409406252
 10243      38.509372009564537      15.348995823058941      8.4336233909743168
 11081      39.382081957882299      15.233435279922944      11.057000949759384
 11082      40.328012951234079      15.138587591775227       11.18240036520589
 11083      39.034929913178736      14.346917341423076      11.171412147385867
 11231      40.049043364240525       17.73487874652881      10.040216597187012
 11232      40.524245195551352      18.477274315361178      10.417801933131948
 11233      40.597374295826775      17.446368889520677      9.3083720030218142
