# Coordinates of image in NEB, written by ASE 
22
    51      38.214352454426844      16.987374867266496       10.71939130429041
  3416      36.472576161848977      18.389464769858705      12.117201969989715
  3417      35.762570695146543      18.026410506341545      12.648252245588392
  3418      36.364474858696234       19.33884168500029      12.189246932554433
  4745      38.900576454886064      17.486389516287453      12.569167333794987
  4746      38.552148014891365      18.231595069924587      13.063151843174023
  4747      39.491330069472731       17.04669837607711      13.183110195994628
  6917      37.486409963186702      18.605167056294416      9.7071437988123783
  6918      37.912642066580936      19.191436724380662      9.0795846993385911
  6919      36.614978369754382      18.985232603419988      9.8371459473701286
  8342      36.669116416605945      15.739188907906668      11.212229172943506
  8343      36.434943530559494      15.391020013063816      12.074419578783484
  8344      36.018054683375958      15.363395267605252      10.616918478641718
 10241      38.013197979861822      16.130639454320836      8.8463080366125713
 10242      37.431277877335553      16.409794203449504      8.1371144448581774
 10243      38.514689600671119      15.403590443571689      8.4728787644311314
 11081      39.348156058393776      15.270789589232649      11.074888791072135
 11082      40.287850083036091      15.178993307248437      11.242385430412108
 11083      39.007220388329181      14.375893064736875      11.124301328845858
 11231      40.016017679596281      17.753769071454972      10.073846285467761
 11232      40.492553549909488      18.508319609248669      10.424710500291431
 11233       40.57858591482011      17.419688562895203      9.3728409697592987
