# Coordinates of image in NEB, written by ASE 
22
    51      38.432284131259301      16.778854108799699      10.519902337116299
  3416      36.175774221185797        18.7252064228012      12.482914493626501
  3417      35.337837493050202        18.3865985330143      12.800935393622201
  3418      36.197774273516103      19.633892599246501      12.786226751559701
  4745      38.689509741284901      17.481425372472401        12.3978479333179
  4746      38.000564144342903      18.013121217321899        12.8020853431393
  4747      39.349096139801503      17.379746014167399      13.086216338286601
  6917      37.398184895203599      18.430802385796799      9.9842571980513597
  6918        37.4781508078431      19.100045117772201      9.3023950627717902
  6919      36.716501763591701        18.7657470837384      10.570656002765499
  8342      36.731951864765598        15.8427470681843        11.1042970621441
  8343      36.434403618862902        15.6771439478792        12.0006627596825
  8344      36.033606319608502      15.488936581938599      10.550556416444801
 10241      38.174555820174099        16.0371514816824      8.6481313643246107
 10242      37.700231858026797      16.434889455106902      7.9157822578871899
 10243      38.481251091065097      15.195346591065499      8.3063038229508805
 11081        39.4894443114474        15.1140666551404        11.0002942790298
 11082      40.441304424512801        14.9980750427441      10.996445573600599
 11083      39.146861182997498        14.2748297443854        11.3130829094082
 11231      40.154491578708502      17.674568322064399      9.9324600159014196
 11232      40.626190795953498        18.3741778896702      10.388074928287701
 11233        40.6502295227979        17.5388283650083      9.1229417560811203
