# Coordinates of image in NEB, written by ASE 
22
    51      38.219090099575375      16.982841807299828      10.715054587612711
  3416       36.46612153509453      18.396759620552263      12.125152150343364
  3417      35.752809513132462      18.033436200931181      12.651567013638399
  3418      36.361417049642142      19.346121918032416       12.20223064427857
  4745      38.896028894397134      17.486241840220028       12.56539728877409
  4746      38.538150225947987      18.228048008306839      13.057739505258386
  4747      39.489596494058581      17.053367295546899      13.181466362156897
  6917      37.484601874927606      18.601282186216928      9.7131084318043239
  6918      37.903635890802256      19.190216145954405      9.0832007896677354
  6919      36.615002456214143       18.98119237773475      9.8552650290045545
  8342      36.670504980555243      15.741452181941437      11.209857134772021
  8343      36.434686667499044      15.397109177717315      12.073134862092235
  8344      36.018279532034043      15.366064713444159      10.615564886703764
 10241      38.016699816085769      16.128618610786194      8.8419997659908844
 10242      37.436903073837222       16.41072146696224      8.1322338563516023
 10243      38.514278639749534      15.398499086355356      8.4693278923788746
 11081       39.35124404776267      15.267397055996343      11.073261272772674
 11082      40.291597955870714      15.175399451881507      11.236899623619424
 11083       39.00958214935946      14.373126927092798      11.128638193024782
 11231      40.019017935207252      17.752053121060758       10.07079359404085
 11232       40.49542638777951      18.505526830034782      10.424136208547475
 11233      40.580335176670118      17.422063068148677      9.3668541239516063
