# Coordinates of image in NEB, written by ASE 
22
    51       38.41807119581371      16.792453288699708      10.532912487149394
  3416      36.195123433953491      18.703298157146893      12.459063358604439
  3417      35.364122376164431      18.360935651734355      12.790960500893592
  3418      36.210179186124066      19.617014111881499      12.747315633127748
  4745      38.703339804285406      17.481672167065241      12.408911848245197
  4746      38.031545433021506      18.030233796471638       12.81943206937494
  4747      39.362334568626771      17.356382749263204      13.093946469509149
  6917       37.40416813411985      18.441976004996498      9.9660609966400582
  6918      37.508066557591825      19.107909907470411      9.2841860021213201
  6919      36.704659481000036      18.781299652828896       10.52845810456793
  8342      36.727914589316427      15.836025613358444      11.111262952470511
  8343      36.433766086571552       15.65812378143808      12.006393340933771
  8344      36.032301494673064      15.480595698104919      10.555125324521089
 10241      38.164014549616198      16.043283672671002      8.6610562904049058
 10242      37.682094779177405      16.434287385087725      7.9300409950742701
 10243      38.484313124662613      15.207335197450877      8.3173376544603546
 11081      39.480275762764194      15.124328647734504      11.005142507504928
 11082      40.432415027783094      15.010799441793523      11.012105332540871
 11083      39.135907050751079      14.279845725258561      11.301414854171277
 11231      40.145429171385366      17.679749329000796       9.941742823745173
 11232      40.617398929718853      18.383251776020256      10.391039497759134
 11233      40.646133531901022      17.530483007143619      9.1376806578315168
