# Coordinates of image in NEB, written by ASE 
22
    51      38.313843002546008      16.892180607966438       10.62832025405875
  3416      36.337050632852083      18.542691283857621       12.28415652075787
  3417      35.562746240716862      18.181783722417521      12.717894917299162
  3418      36.294757114621802      19.483342945854488      12.461860219301958
  4745       38.80458374088213      17.483743576255961      12.490481705008047
  4746      38.278684632244989      18.144539604795291      12.946039743765501
  4747      39.442275350066048      17.192086389249198      13.144339079988601
  6917      37.447218787831176      18.524643217202449      9.8330551143590128
  6918       37.72010800652847      19.157798852263056        9.16682559750768
  6919      36.638275043222571      18.891592702732847      10.195962118839491
  8342      36.698056836696956      15.786601046141747      11.162657697698469
  8343      36.431903729393561      15.520148694986798       12.04447201140327
  8344      36.023905161113191      15.420048502269349      10.587630903361203
 10241       38.08679048335415      16.088098112798775      8.7558362001523253
 10242      37.551560529473541      16.425571951818824      8.0353126164183823
 10243      38.503049642096116      15.302011641344102       8.397590609454296
 11081      39.412845890806906      15.199408907528522       11.04076694533881
 11082      40.362567463708722      15.100246269186307      11.128529389736801
 11083      39.063312426941238      14.323262579248167      11.213140054161482
 11231      40.079112032647878      17.717678118445725      10.009547671723002
 11232      40.553215959239907      18.448459705709038      10.410449636710275
 11233      40.613575104679128      17.471653538083721       9.252367119525239
