# Coordinates of image in NEB, written by ASE 
22
    51      38.152763067495933        17.0463046468332      10.775768621100484
  3416      36.556495370005464      18.294646135783914      12.013849914941879
  3417      35.891931486881795      17.938798562959995      12.605168700692538
  3418      36.401617132617496      19.240247596927212      12.020445644259649
  4745      38.959380437660748      17.488590991483626      12.618465612516381
  4746      38.744735818202322      18.270909710120616      13.130968783514328
  4747      39.508239058428074      16.962328273902923      13.202456825178466
  6917      37.509184514609466      18.656342320404104      9.6299612363854301
  6918      38.028946727654535      19.202517433152071      9.0377143781249476
  6919      36.627037886287944      19.031876190918318      9.5907816624846571
  8342      36.650963168113485      15.709712251918292      11.243172248675668
  8343      36.439357492850057      15.312433538722216      12.089826533526047
  8344      36.015674676498804      15.328978452018703      10.634117760675233
 10241      37.967696885308477      16.156867076198463      8.9023169071164645
 10242      37.359153117896554      16.396028757008011      8.2008968447806083
 10243        38.5186677601192      15.472177124468885       8.518683884285954
 11081       39.30793926545352      15.314829555234018      11.096072222022563
 11082      40.237270049008487      15.224189443137181      11.314327133401365
 11083        38.9795328448335      14.414376321441869      11.066888044544843
 11231      39.977050707230994      17.776050920901667      10.113448910669971
 11232      40.455369622169492      18.544053736649033      10.431130099348003
 11233      40.555105540195193      17.389796857935671      9.4530235423935469
