# Coordinates of image in NEB, written by ASE 
22
    51      38.252253615615096      16.951110387533138      10.684697570868824
  3416      36.420941988035295      18.447828113641329      12.180803509242438
  3417       35.68519159465135       18.08369219405493      12.674774102416873
  3418      36.339256946768046       19.39593538121386      12.293111383353471
  4745      38.864120322123348      17.485276687465731      12.539078280630124
  4746      38.443063187753232      18.201415788626402      13.019297051462832
  4747      39.475764783615539      17.100763929268421      13.169383731567999
  6917      37.471763812537375       18.57424775198152      9.7549559406587374
  6918      37.840202117542233      19.180499051061094      9.1100304172192814
  6919      36.618441740318829      18.951549560936865       9.979072398771736
  8342       36.68019494795616      15.757279174578946       11.19328523278563
  8343      36.433208239524348      15.439903781786768      12.063745594735522
  8344      36.020009746573123      15.384833175784026      10.605972248786482
 10241      38.041219779920056      16.114459097349965      8.8118421855412716
 10242      37.476573826066321      16.416708289523779      8.0981655760761431
 10243      38.510994672717146      15.363579623636614      8.4443709660578676
 11081      39.372838492131073      15.243630691049653      11.061876242805766
 11082      40.317288306423038      15.149795294869957      11.198682705490995
 11083      39.027000215015335      14.354506890217062      11.158691904972928
 11231      40.040031306264368       17.74003386534844      10.049399286324823
 11232      40.515582791506489      18.485810858772435      10.419812714789884
 11233      40.592349629154292      17.438971806133946      9.3256539133962519
