# Coordinates of image in NEB, written by ASE 
22
    51      38.185926583535654      17.014573227066514      10.745411604356597
  3416      36.511306024552773      18.345699016455292      12.069500956396663
  3417      35.821693178375412      17.985095804647482      12.628365879468234
  3418      36.382232953248931      19.294267633156764      12.111341332246493
  4745      38.927795269445184      17.487335311635295      12.591848773367866
  4746      38.638478999132744      18.251392239668846      13.095105662969669
  4747      39.500443618046134      17.007221801140339       13.19252244172481
  6917      37.497102591862557      18.628617100680305      9.6714345407211066
  6918      37.966454779838287      19.197749337179459      9.0590511852696007
  6919      36.617532864037905      19.008249465723928      9.7260217377482565
  8342      36.660761882067277      15.725596972685898      11.226485876674582
  8343      36.436729748235635      15.354615630615974      12.081829820748965
  8344      36.016828033897909      15.347443086826594      10.624949592557853
 10241      37.992192241127988      16.142754451330397      8.8721579474882333
 10242      37.397754280241557      16.403841852962664      8.1664733085475252
 10243      38.516843994983063      15.434687108978418      8.4941041061290328
 11081      39.329611564310198      15.291130473288414      11.084659741109787
 11082      40.264941540839587      15.200210779859484      11.275442302883929
 11083       38.99373395646564      14.393062783165504      11.098045407778647
 11231      39.998024627970274       17.76405895195931      10.092143407119554
 11232      40.475353212361199      18.524946821357972      10.427919701323123
 11233      40.567919015527359      17.405663407077384      9.4093006151288527
