# Coordinates of image in NEB, written by ASE 
22
    51      38.204877164129776      16.996440987199833      10.728064737645806
  3416      36.485485716703572      18.374875549128213      12.101301619219482
  3417      35.782171397004348      18.012477601501057      12.641623052701785
  3418      36.370507355603721      19.324155104958386      12.163279008158169
  4745      38.909662505991662      17.486693026132503      12.576715802575853
  4746      38.580470805210304      18.238483028547993       13.07390691963249
  4747      39.494613977265914      17.033437211434048      13.186334464256007
  6917      37.490004770270176      18.612955932070506      9.6952254430159197
  6918      37.930619212147867      19.193739742235877      9.0725172991212197
  6919      36.615304607672535      18.993147447080009      9.8005698222676063
  8342      36.666336009941695      15.734660618830336      11.216976736711098
  8343      36.435492033048924      15.378860222581597      12.076946475817945
  8344      36.017622254734206      15.358065472739872      10.619612841699675
 10241      38.006195063530647      16.134679698212459      8.8549246168038138
 10242      37.420059702584489      16.407884602821294      8.1468862357700207
 10243      38.515467302145808      15.413851139693755       8.479969276403212
 11081       39.34197773427627      15.277572626214914      11.078144655546897
 11082      40.280294708123797      15.186132090136942      11.253377148184958
 11083       39.00259372458234      14.381506482712195      11.115594355124733
 11231      40.010018388086564      17.757200145587515      10.079948947830287
 11232      40.486813041833564      18.513886868918981      10.425825671412376
 11233      40.575062862516624      17.414970972957555      9.3848912570943792
