# Coordinates of image in NEB, written by ASE 
22
    51      38.256991260763627       16.94657732756647      10.680360854191127
  3416      36.414488176702335       18.45512426830658      12.188753717644353
  3417      35.675630937286044      18.091021887040753      12.678089994592316
  3418      36.335985669582463        19.4028909174306      12.306093525731713
  4745      38.859552203267953      17.485147737614099      12.535327848877778
  4746      38.429875115536611      18.197367638263003      13.013736464888805
  4747      39.473547821939398      17.107636689416736       13.16757681780847
  6917      37.469905940875222      18.570406391469177      9.7609469163067892
  6918      37.831077339980851      19.178955798058134      9.1140781558750561
  6919      36.619374658712545      18.947141366598835      9.9963416854716591
  8342      36.681575021890637      15.759537937894802      11.190922420606523
  8343      36.433042092963682      15.446041334860794      12.062347735216463
  8344      36.020278643840058      15.387525833492175      10.604585352127476
 10241      38.044723655087232      16.112434346471524      8.8075339980882124
 10242      37.482282365754401      16.417492752061179      8.0933119769326858
 10243      38.510468003717762       15.35869309009168      8.4407917844764597
 11081      39.375920391128446      15.240232869078625       11.06025088088748
 11082      40.320881934263866      15.146074798124392      11.193248930474931
 11083      39.029612895731979      14.351951343970834      11.162942508348731
 11231      40.043034897569406      17.738315756677093      10.046339306424777
 11232      40.518468710665246      18.482971024026433      10.419152757359413
 11233      40.594032861024345      17.441427626040721      9.3198684258729969
