# Coordinates of image in NEB, written by ASE 
22
    51      38.261728905912157      16.942044267599801      10.676024137513428
  3416      36.408034468858631      18.462420588868131      12.196703929745457
  3417      35.666094483236456      18.098388354170289      12.681406050696639
  3418      36.332688546357609      19.409807046171348       12.31907544546254
  4745      38.854981890152942      17.485020823669579      12.531579608712194
  4746      38.416781860712049      18.193261773942002      13.008161061383658
  4747      39.471270873156357      17.114534846824604       13.16574993312229
  6917      37.468042567201913      18.566569743947689      9.7669408860748295
  6918      37.821935285961864      19.177376412456244      9.1181793656929635
  6919      36.620412188998316      18.942694493834029      10.013509974248578
  8342       36.68295406208393      15.761796151692154      11.188560754268849
  8343         36.432887068423      15.452184823731635      12.060935753966692
  8344      36.020552828038305      15.390221278111561      10.603194388839567
 10241      38.048227788051079      16.110409099699954      8.8032258185528427
 10242      37.488001047229169      16.418259799176784      8.0884616085014063
 10243       38.50992710083186      15.353831843461467      8.4372092465023556
 11081      39.379001545324662      15.236834397972711      11.058625783513184
 11082      40.324456782251502      15.142338870529406      11.187821494686544
 11083      39.032256178803145      14.349421532529183      11.167182573293511
 11231      40.046038916093217      17.736597383369851      10.043278410486426
 11232      40.521356184586253       18.48012549643212      10.418482470142147
 11233      40.595707756733539       17.44389333945842      9.3141078087470639
