# Coordinates of image in NEB, written by ASE 
22
    51      38.384907679773981      16.824184708466394      10.563269503893279
  3416      36.240275937028571      18.652185966160218      12.403410913313715
  3417       35.42619180652131      18.302195992767299      12.767697343474451
  3418      36.238317056166899      19.576377947242733      12.656508207385388
  4745      38.735595370451001      17.482276709615981      12.434782233249592
  4746      38.106288069860192      18.068805762751843      12.859882670471102
  4747      39.391002719562287      17.302770466497883      13.111142111853649
  6917      37.418034080323288      18.468134218050061      9.9236504429039503
  6918      37.576886381422334      19.125264168623158      9.2438250774538488
  6919      36.679518170888869      18.817213882426586      10.427119449104387
  8342      36.718462889641309       15.82032546760686       11.12755641812606
  8343       36.43263276192063      15.613933184124454      12.019259383930274
  8344      36.029400922068199      15.461209742029293      10.565660908440581
 10241      38.139428484600828      16.057571847869589      8.6912139475616073
 10242      37.640084249976347      16.432342913487751      7.9633980958563164
 10243      38.490986116873117      15.236170014030151      8.3430045426749526
 11081      39.458857805521362      15.148250948784213       11.01646410283672
 11082      40.411086885744801      15.040002095907091      11.048844747555895
 11083      39.111325331934857      14.292392034277769      11.273845566483537
 11231      40.124302084665935      17.691830199855087      9.9633679062629312
 11232      40.596918277592223      18.404258448690381       10.39767030260572
 11233      40.636248378085789      17.511305528083039      9.1729103845268227
