# Coordinates of image in NEB, written by ASE 
22
    51      38.365957099179859      16.842316948333071      10.580616370604073
  3416      36.266080005446028      18.622983299994797      12.371609634957425
  3417      35.462128123123811      18.269351888800493      12.754410826368872
  3418      36.253885893016587      19.552367609032338       12.60460964593355
  4745      38.754013456355352      17.482642709016705      12.449599726772592
  4746       38.15058471610795       18.08995854644802       12.88295364624698
  4747      39.406014880475894      17.272697073903842      13.120465542874749
  6917      37.425892259852681      18.483139078339963      9.8994500819267621
  6918      37.615622421343744      19.134563182439489      9.2220539973258067
  6919      36.666776515594066      18.837444304025901      10.367375818175296
  8342      36.713041879115323       15.81134326785614      11.136891878278181
  8343      36.432209803239779      15.588801709987827      12.026295844987844
  8344      36.027836887466712      15.450181409912824      10.571601426294201
 10241      38.125385593624927      16.065724116271618      8.7084466613645883
 10242      37.616275464360356       16.43088847888697      7.9825156764722962
 10243      38.494502196090842      15.253187239622573      8.3576186565465527
 11081      39.446603494541357      15.161906910573556      11.022939237106799
 11082      40.398527505446872      15.056380756485682      11.069965291478226
 11083      39.097896198263534       14.30009095313175      11.257875391386026
 11231      40.112240715701049      17.698728341161441       9.975703567903599
 11232      40.585238198050632      18.416155859352394      10.401273520857355
 11233      40.630397961128288      17.500536126187363      9.1935691976903726
