# Coordinates of image in NEB, written by ASE 
22
    51       38.37543238947692      16.833250828399734      10.571942937248675
  3416      36.253177736281515      18.637584250836081      12.387510263797244
  3417      35.444117107569248      18.285707992803822      12.761053506701803
  3418      36.246148061383806      19.564444793575678      12.630559668983269
  4745      38.744805924912647      17.482457683960458       12.44218782588705
  4746      38.128289231505278       18.07946518863222      12.871423887502033
  4747      39.398631968755808      17.287682885382718      13.115848164784909
  6917      37.421969449350691      18.475631227467741      9.9115468816213159
  6918      37.596306322692371      19.129969643288785      9.2328243719104179
  6919      36.672995748899467      18.827359170653786      10.397416463698567
  8342      36.715754225534425      15.815835349360281      11.132221886098201
  8343      36.432400729804726      15.601356445490167       12.02280619545378
  8344      36.028610232198872      15.455690995784638      10.568638493574991
 10241      38.132406475255202      16.061649090966867      8.6998303209928647
 10242      37.628161749157208      16.431647170001174      7.9729516461205758
 10243      38.492771214812038      15.244629551097059      8.3503165772715171
 11081      39.452732057104214      15.155080190293095       11.01970115808251
 11082      40.404841233728277       15.04821962913757      11.059393446784735
 11083      39.104554391985246      14.296193280573489      11.265880177072201
 11231      40.118270399311243      17.695279749955574      9.9695376752748359
 11232       40.59107602063937      18.410216965951381      10.399489147709144
 11233      40.633341273999889      17.505903404762989       9.183191789507708
