# Coordinates of image in NEB, written by ASE 
22
    51       38.39912061521958      16.810585528566385      10.550259353860186
  3416      36.220924133078917      18.674089997232898      12.427261927713143
  3417      35.399463617789536      18.327174139226791      12.777665360206504
  3418      36.226396579954688      19.594008386490398      12.695428116501146
  4745      38.721774662404059      17.482012372936026      12.423685579445223
  4746      38.073829326080954      18.052512109455197        12.8425546308729
  4747      39.379093251240654      17.325593257509261      13.103912970154893
  6917      37.412108528637326      18.456908380265762      9.9418176779578378
  6918      37.547556867838594      19.117995859192735      9.2607644894124928
  6919      36.689858526825248      18.801893717746431      10.471046789571481
  8342      36.722519039426579      15.827056993764186      11.120566704591941
  8343      36.433057491763662      15.632839349563431      12.013831690429633
  8344      36.030618950216201      15.469504760939785      10.561167267096275
 10241      38.149963635580164      16.051451771483457      8.6782893120203966
 10242      37.658035373224372      16.433269295737091      7.9490870814017658
 10243      38.488207177183632      15.223664795902359      8.3320183765998692
 11081      39.468041153335108      15.138002345774748      11.011610444223747
 11082      40.420328429615871      15.027570505168233      11.033064896880218
 11083      39.121692405031034      14.286870707323574      11.285719908018528
 11231      40.133353429219994      17.686654092843046      9.9541059306220721
 11232      40.605689651051733       18.39528429203153      10.394878413165554
 11233      40.640540465133441      17.519473377966072      9.1576681255748298
