# Coordinates of image in NEB, written by ASE 
22
    51      38.370694744328389      16.837783888366403      10.576279653926374
  3416      36.259628812505625      18.630283680534468      12.379559946830236
  3417      35.453111871157589      18.277513416585847      12.757732024608273
  3418      36.250028647728904      19.558424231600512      12.617584839816388
  4745      38.749410091487668      17.482549676205743      12.445892984317783
  4746      38.139399916108871      18.084732832365706       12.87719035603104
  4747      39.402354119416806      17.280177273457543      13.118167836569668
  6917      37.423932455657784      18.479383777449563      9.9054976139611153
  6918      37.605977211620001      19.132280412970239       9.227410567066368
  6919      36.669847878495794      18.832409570322355      10.382438533600398
  8342      36.714398514329702      15.813589554901121      11.134556316771221
  8343      36.432300116569799      15.595076321371852      12.024558157539985
  8344      36.028221376213502      15.452935049718441      10.570121797685438
 10241       38.12889589409891      16.063686879361772       8.704138494936144
 10242      37.622214063905616      16.431275716624757      7.9777323413675925
 10243      38.493643475990915      15.248896126217183       8.353968877194891
 11081      39.449668127718986      15.158493865282892      11.021320069723773
 11082       40.40169290081765      15.052307258263884      11.064676469724073
 11083       39.10121117811741       14.29813005367831      11.261882713377849
 11231      40.115255309052721       17.69700416588147       9.972621104652367
 11232      40.588156545802654      18.413188877838426      10.400385672683955
 11233      40.631874124898474      17.503215390358044      9.1883684873604796
