# Coordinates of image in NEB, written by ASE 
22
    51      38.290154776803348      16.914845907799783       10.65000383744724
  3416      36.369314417644325      18.506202037495868      12.244405282661182
  3417      35.609374898830559      18.143346533534437      12.701306111297693
  3418      36.312371811623656      19.450488484312597       12.39696196509694
  4745      38.827517999851175      17.484298914844121       12.50913369907108
  4746      38.340146229579837      18.167466003325718      12.974435619584437
  4747      39.456352148306458      17.156456190037655      13.154370656708009
  6917       37.45675424488271      18.543641687927849      9.8029641710442306
  6918      37.766694791370348      19.167179582201676      9.1439090101800709
  6919      36.628741138963427       18.91527613687623      10.114453390045705
  8342      36.691206907487761      15.775334057291511      11.174414745065375
  8343      36.432188042054293      15.489169145404896       12.05216737899614
  8344      36.022306435011359       15.40645115159195       10.59476431323513
 10241      38.069258040884932       16.09824710188887      8.7773768754944328
 10242      37.522523019072388      16.422501206991193       8.059425608681213
 10243      38.506385210501172      15.325192181627399       8.415645678418441
 11081      39.397472996983282      15.216430053050306      11.048880706672929
 11082       40.34551693895439      15.119603544593778      11.155388231650283
 11083      39.048750425267301       14.33477700495464      11.192404190206734
 11231      40.064072136259249      17.726281647103828      10.024893719423195
 11232      40.538712687702883      18.462934934054516      10.414248222124478
 11233       40.60558088053962       17.45889226349907      9.2800632316360296
