# Coordinates of image in NEB, written by ASE 
22
    51      38.233303035020967      16.969242627399819      10.702044437579618
  3416      36.446758260945735      18.418645140418683      12.149002711742041
  3417      35.723679878772558       18.05474629915712      12.661512070467364
  3418      36.352080089721156      19.367714240655964      12.241180703943893
  4745      38.882369269861336      17.485814115682917      12.554102976159012
  4746      38.496790407291321      18.217010722456472      13.041375849872805
  4747      39.484031163169419      17.073527234282761      13.176410346787737
  6917      37.479137284819956      18.589663284505995      9.7310232663059715
  6918      37.876538616604883      19.186294034747814      9.0943755753687956
  6919      36.615793561161361      18.968765262194569      9.9089634419418928
  8342      36.674664196323022       15.74823856446784      11.202747970537947
  8343      36.433984978955856       15.41541341076829      12.069195745773312
  8344      36.018987974560616      15.374090909547464       10.61147875279492
 10241      38.027206843611111      16.122553176408054      8.8290750256918482
 10242      37.453842268150076      16.413394425579284      8.1176128962304741
 10243      38.512958042859381      15.383379939296056      8.4586533348295561
 11081      39.360503379731128      15.257215438985199      11.068380356320194
 11082       40.30272387303571      15.164521287152255      11.220481893911566
 11083      39.016858724903415        14.3649888808956       11.14158308724063
 11231      40.028021166471106      17.746903631206479        10.0616300697267
 11232      40.504055018196418      18.497112454680334      10.422347604949589
 11233      40.585533726601568      17.429248632854268      9.3490458252667672
