# Coordinates of image in NEB, written by ASE 
22
    51      38.347006518585729      16.860449188199748      10.597963237314865
  3416      36.291885929889176      18.593783649589415      12.339808436971452
  3417      35.498409356740368      18.237037976065672       12.74112876850832
  3418      36.269080351477044      19.527779209328209       12.55270534948902
  4745      38.772417957143674      17.483025833489052      12.464442722063499
  4746      38.196076571035995      18.110433269640772      12.905968379524325
  4747      39.420047474221008      17.243029909292151      13.129440417511956
  6917      37.433698131969265      18.498188696665089      9.8752782276333146
  6918      37.653952172184226      19.143413133942531      9.2011937104374546
  6919      36.655271444059927      18.857413327287585      10.306268896996407
  8342      36.707606026263512      15.802353156666896      11.146245430899954
  8343      36.431952050760742      15.563758647477488      12.033104135425225
  8344      36.026343244325531      15.439190247325344      10.577482926384794
 10241      38.111347174625138      16.073867606077833      8.7256792665255887
 10242      37.592612591456309      16.429180677763416      8.0016758248315689
 10243      38.497801377284759      15.270597177597818      8.3721919271887391
 11081      39.434337914527795      15.175552802631575      11.029418461710955
 11082       40.38569435244051      15.072532781598095      11.091178844101917
 11083      39.084919714788796      14.308176347977588      11.241747280219638
 11231      40.100187242964509      17.705622617231693      9.9880238161371935
 11232      40.573576444074156       18.42797397286013      10.404736943262145
 11233      40.624403878888309      17.489907375751493      9.2146124693444449
