# Coordinates of image in NEB, written by ASE 
22
    51      38.195401873832715      17.005507107133173      10.736738171001202
  3416      36.498395671593535      18.360286965919805      12.085401281450906
  3417      35.801878193194199      17.998705032018535      12.634994279567833
  3418      36.376427408271958      19.309298069937444      12.137310457629198
  4745      38.918735749456033      17.487008025939048      12.584276024880769
  4746       38.60924241914072      18.245086306838981      13.084561532359624
  4747      39.497652361817806      17.020278342765426      13.189472628265809
  6917      37.493569617161285      18.620771911284379      9.6833221454106297
  6918      37.948554536234809      19.195848488064428      9.0656717529807551
  6919      36.616148236154153      19.000826339992695      9.7635328189162909
  8342      36.663551184556994      15.730129983900943       11.22172896505233
  8343       36.43608728204012      15.366725346893507      12.079416588066223
  8344      36.017213219556716      15.352747999663185      10.622289947061677
 10241       37.99919315191395      16.138718027047588      8.8635412523920625
 10242      37.408884968970817      16.405900805066739      8.1566724225862135
 10243      38.516185614281987      15.424216431333528      8.4870445131341228
 11081      39.335796250236122      15.284352931853787      11.081401634361924
 11082      40.272658912150682      15.193204893919727      11.264395976941005
 11083      38.998097640503453      14.387229235405195        11.1068425820902
 11231      40.004020709427088      17.760630109169785      10.086047987026243
 11232      40.481079546516227      18.519429406849643      10.426895663884169
 11233      40.571507196094323      17.410295732929921      9.3970442349257137
