# Coordinates of image in NEB, written by ASE 
22
    51      38.328055937991607      16.878581428066429      10.615310104025657
  3416      36.317693666019217      18.564586935646879      12.308007314923533
  3417      35.535040228758376      18.205260391188698      12.727850842693446
  3418      36.283896413968144      19.502607870218132      12.500795715606467
  4745      38.790805783474596      17.483428056765693      12.479311948177893
  4746      38.242802872952865      18.130199876617112      12.928904445425191
  4747      39.433110300733972      17.213767698596456      13.138077588077859
  6917      37.441447230635788      18.513286260927828      9.8511378621460128
  6918      37.691894209298617      19.151808061396142      9.1812254990570761
  6919      36.645055271976368       18.87707631120697      10.243770066981496
  8342      36.702155091602066      15.793355010192981      11.155617077733892
  8343      36.431861200137625      15.538804862368512      12.039685089991703
  8344      36.024922098404915      15.428237354346638      10.583304546303708
 10241      38.097313153750399      16.082002493705929      8.7429118086954709
 10242      37.569097869094996      16.427216122339573      8.0208798883950028
 10243      38.500882594890683      15.288400415390035      8.3867222825080532
 11081      39.422061023348007      15.189188638163188       11.03590177396674
 11082      40.372584167722778      15.088455861265556      11.112486375494717
 11083      39.072399809299952      14.316650319187305      11.225460305495789
 11231       40.08814145345152      17.712512968073952      10.000328823783496
 11232      40.561934178779808      18.439711101067108      10.408056644542615
 11233      40.618268349350238      17.479421917194919      9.2360413815349709
