# Coordinates of image in NEB, written by ASE 
22
    51      38.389645324922519      16.819651648499725      10.558932787215582
  3416      36.233825215571869      18.659487113985517      12.411361246017274
  3417      35.417261158532433      18.310489281426552      12.771019708783292
  3418      36.234366722870078      19.582290629532185      12.669481903545083
  4745      38.730989073251344       17.48218767346404      12.431081787899499
  4746      38.095396571578988      18.063414771379144       12.85410852812087
  4747      39.387095202762502       17.31035250291291      13.108755301438498
  6917      37.416061838276072      18.464389683124761      9.9297046467352867
  6918      37.567136769242744      19.122869448023188      9.2494127112643714
  6919      36.682891366823156      18.812120207755267      10.441845196587712
  8342       36.71981584920659      15.822569794831526      11.125225381426635
  8343      36.432764135707146      15.620229775765594      12.017464500877978
  8344      36.029802695280857       15.46397251052214      10.564166651512492
 10241       38.14293991534764      16.055532387096743      8.6869057465470068
 10242      37.646059004224277      16.432667295000481      7.9586252019267141
 10243      38.490073300836769      15.231977057039806      8.3393448711469347
 11081      39.461919624801212      15.144835380782274       11.01484595974464
 11082      40.414184286802907      15.035872246373211      11.043579048115959
 11083      39.114752972128848      14.290527530054431      11.277813507216397
 11231      40.127318686961431      17.690105067517703      9.9602815605055994
 11232      40.599841022463835      18.401271890871968      10.396748098553397
 11233      40.637688256036384      17.514019560280374      9.1678056585140801
