# Coordinates of image in NEB, written by ASE 
22
    51      38.427546486110771      16.783387168766367      10.524239053793998
  3416      36.182223831932511      18.717903459797942      12.474964109209521
  3417       35.34657812258493      18.378011739311155        12.7976100808445
  3418      36.201932255973652      19.628302234984233      12.773256823735284
  4745      38.694120049836989      17.481506885896547      12.401534338365169
  4746      38.010822299888083      18.018863280204336      12.807867552472217
  4747      39.353573325674375        17.3719323172506      13.088817948577244
  6917      37.400181872268504      18.434524524126168      9.9781905796314554
  6918      37.488151671787648      19.102695637342837      9.2962631415198977
  6919      36.712484687917424      18.770940468791906      10.556671604025233
  8342      36.730606994878677      15.840507057602487      11.106617888300867
  8343      36.434181037314119      15.670798495102209      12.002587458829858
  8344      36.033167343737517      15.486154154932171      10.552082932952963
 10241      38.171041766494547      16.039196135008581      8.6524396899707536
 10242      37.694177401645504      16.434704076225501      7.9205327449003819
 10243      38.482285244005141      15.199318122127561       8.309983923073279
 11081      39.486388835592805      15.117487962514575      11.001910094529633
 11082      40.438357959991741      15.002330396249143      11.001659799189987
 11083      39.143181914759019       14.27647764148454      11.309203389248237
 11231      40.151470234657381      17.676295554374455      9.9355552904518003
 11232      40.623259269762428      18.377207192989005      10.389071142691902
 11233       40.64887369378669      17.536038253676725       9.127830741746541
