# Coordinates of image in NEB, written by ASE 
22
    51      38.242778325318035      16.960176507466478      10.693371004224222
  3416      36.433849919682096      18.433236299253668      12.164903103357542
  3417      35.704386230894123      18.069144138775464        12.6681427894286
  3418      36.345721275061081      19.381905121679235      12.267146453913757
  4745      38.873249664933937       17.48554094387239      12.546585923418373
  4746      38.469729036625679      18.209334921104656      13.030370763535574
  4747      39.480018447799928       17.08709467494452      13.172937410116818
  6917      37.475462463175084      18.581945188812398      9.7429832266728162
  6918      37.858401831971833      19.183473932296856      9.1020955894057689
  6919      36.616897062685794      18.960243985012216      9.9442265486734929
  8342      36.677431675400136      15.752759987181657      11.198014300648785
  8343      36.433574083210544      15.427646578589046      12.066498936150586
  8344      36.019488000772689      15.379456319356214      10.608733759714932
 10241      38.034212800216594      16.118507118402857      8.8204585864424239
 10242      37.465187405939936      16.415086750704507      8.1078825886408801
 10243      38.512005118960829      15.373428808226429      8.4515191023141814
 11081      39.366672446353455      15.250424378145555      11.065127764242007
 11082      40.310044292713968      15.157189663974565      11.209569410218727
 11083      39.021867291488583        14.3596956688302      11.150158882934715
 11231      40.034025395882885      17.743469284314823      10.055516502976712
 11232      40.509815688528747      18.491473288384089      10.421101314400842
 11233      40.588958235523371      17.434090079119176      9.3372997466871368
