# Coordinates of image in NEB, written by ASE 
22
    51      38.275941841357756      16.928445087699792      10.663013987480335
  3416      36.388673970198134      18.484310553165798      12.220554588705955
  3417      35.637628667812109      18.120706036633944      12.691355253043044
  3418      36.322643711160659      19.430321236475297      12.358019810975888
  4745       38.84125852664787      17.484651714306263      12.520347574220706
  4746      38.378058672180011      18.180607326403528      12.991352957721235
  4747      39.464080664096819      17.135381527172797      13.160149802613196
  6917      37.462420803951197      18.555086757576234      9.7849401430222329
  6918      37.794400816056694      19.172428635226222      9.1308035894830955
  6919      36.624135356396224      18.929135610459404      10.064418880760586
  8342      36.687085036896406      15.768567525458712      11.181482616592943
  8343      36.432488283497079      15.470650675621405       12.05661509774048
  8344       36.02140664595219      15.398324094906476      10.598997298940796
 10241      38.058741740954723      16.104330365871537      8.7903013217584967
 10242      37.505217380418379      16.420457329285199      8.0739295917422531
 10243       38.50821943600338       15.33939923194602        8.42644188035238
 11081      39.388240570024401      15.226635111095554      11.053752069686183
 11082      40.335069640973835      15.131039286876629       11.17157689865579
 11083      39.040368157488814      14.341985385496667      11.179840003925504
 11231      40.055053559220774      17.731440686596557      10.034090212888865
 11232      40.530027757885954      18.471555146532904      10.416410423993689
 11233      40.600682219098367      17.451349276768322      9.2969746006579701
