# Coordinates of image in NEB, written by ASE 
22
    51      38.138550132050334      17.059903826733208      10.788778771133577
  3416      36.575863702432528      18.272768661539022      11.989999512548449
  3417      35.922475353303099      17.919621311925805      12.595227709926771
  3418      36.409459568577162      19.216394716021298      11.981488994582907
  4745      38.972849193987038      17.489189924626107      12.629935024396811
  4746      38.792306963673298      18.277928871248232      13.145735148117192
  4747      39.510622783350257      16.943468803123238      13.206330716696487
  6917      37.514207174814466      18.668375721512341      9.6122557921604788
  6918      38.055728835511516      19.203497394796301      9.0294904544885579
  6919      36.633576862541631      19.040665955597085      9.5308086590931698
  8342      36.646746003072607      15.702895119889561      11.250341430128742
  8343      36.440668265447329      15.294453765587553      12.093038553636994
  8344       36.01527699991027      15.321115894087573      10.637978315539968
 10241      37.957202582941214      16.162908332229648      8.9152424560110699
 10242      37.342784696833512      16.392382931335867      8.2157097549407094
 10243      38.519215592674485      15.488652930320544      8.5291536566630537
 11081      39.298638402258518      15.324975352875418      11.100967756456209
 11082      40.225085725050747      15.234199309679932      11.331101651390604
 11083      38.973973916419517      14.423951239772553      11.053354325490252
 11231      39.968067667552276      17.781185975198731      10.122566288408288
 11232      40.446834284474342      18.552141805118264      10.432321485068249
 11233      40.549493189132257      17.383166740990653      9.4721615604197904
