# Coordinates of image in NEB, written by ASE 
22
    51      38.247515970466566       16.95564344749981      10.689034287546523
  3416      36.427395902482758       18.44053212418066      12.172853304494833
  3417      35.694776631660218       18.07639952496141      12.671458369074047
  3418      36.342502207536128      19.388940198751811      12.280129024136176
  4745      38.868686169280984      17.485407734869405      12.542830954373578
  4746      38.456347378368704       18.20540522805624      13.024842076432927
  4747      39.477921686382018      17.093916584843516      13.171170618987086
  6917      37.473616036999218      18.578093967851721      9.7489680225666984
  6918      37.849310110795365      19.182005378388045      9.1060362033568314
  6919      36.617615246307636      18.955917610080615       9.961701053574485
  8342      36.678813834443424      15.755019858707213      11.195649192283451
  8343      36.433385553971895       15.43377218826298      12.065129329605085
  8344      36.019746183023685      15.382143329446812      10.607355058285606
 10241      38.037716161855016      16.116483354089233      8.8161503814737401
 10242      37.470875486303711      16.415906320242396      8.1030224363255083
 10243      38.511507060714898      15.368491507577298      8.4479467519365148
 11081      39.369755845024777      15.247027861559808      11.063501870246071
 11082       40.31367579487987      15.153500278472398      11.204122853716333
 11083      39.024418293007933      14.357088290482837      11.154430713659936
 11231      40.037028139811603       17.74175170826982      10.052458351444468
 11232      40.512698444863034      18.488644960531737       10.42046226126282
 11233      40.590658080932187      17.436525937560194       9.331464332520877
