# Coordinates of image in NEB, written by ASE 
22
    51      38.176451293238586       17.02363934699985      10.754085037711993
  3416       36.52421677377545      18.331111697228732      12.053600643780566
  3417      35.841618596019877      17.971653144561259      12.621737804031229
  3418      36.387921775728522      19.279060625093557      12.085371684765805
  4745      38.936840075866812      17.487675756251676      12.599434916517747
  4746      38.668198061228345      18.257387007026882      13.105528236841481
  4747       39.50298594600595      16.994267548638753      13.195481193544268
  6917      37.500601588494554      18.636493866809509      9.6595632880788322
  6918      37.984327468047134      19.199426671406599      9.0526594373959419
  6919      36.619484393627204      19.015394877314741      9.6880222747205416
  8342      36.657968041786475      15.721061553545708      11.231247491565664
  8343      36.437419922495067      15.342531328957451      12.084186066123115
  8344      36.016467170192342      15.342150981247183      10.627591568657705
 10241      37.985192327565912      16.146788980988184      8.8807747061508717
 10242      37.386668268314025      16.401706743430513      8.1762892093812063
 10243       38.51744186958269      15.445264018126554      8.5011476752375081
 11081      39.323423631333561      15.297905214738339       11.08791899056591
 11082      40.257141372836401      15.207148751055463      11.286516535937059
 11083      38.989504610742081      14.399008690850092      11.089202187730926
 11231      39.992030128598131      17.767486663435651      10.098235211112897
 11232      40.469634189491778      18.530438694560676      10.428896981270608
 11233       40.56429841066717      17.401074580278422      9.4216611524999259
