# Coordinates of image in NEB, written by ASE 
22
    51      38.361219454031328      16.846850008299743       10.58495308728177
  3416      36.272531314364812      18.615683107899724      12.363659328105809
  3417      35.471165927773569      18.261223490878805      12.751089906782276
  3418      36.257719744653308      19.546274865350597      12.591634093694413
  4745      38.758615972890986      17.482736811188303      12.453308061633292
  4746      38.161844190979856      18.095141900347436      12.888713433168705
  4747      39.409614432547357      17.265242260180941      13.122741475633303
  6917       37.42784879720238      18.486897173587668      9.8934043311291564
  6918      37.625242235377186      19.136817910734894      9.2167543337112043
  6919      36.663782404209229       18.84246272304841      10.352227922402022
  8342      36.711684316358259      15.809096486400437      11.139228570482757
  8343       36.43212981430996      15.582532623807575      12.028019272712156
  8344      36.027456797543351      15.447430092865703      10.573077366649839
 10241      38.121875572618293      16.067760804588698       8.712754821015352
 10242      37.610345983281441      16.430485407551906      7.9873016716605401
 10243      38.495347361636384       15.25750289463881      8.3612658833993301
 11081      39.443538157182665      15.165319326639677      11.024558660082176
 11082       40.39534500177043      15.060440092194296      11.075259925380106
 11083      39.094609504438388       14.30207600300982      11.253858200135765
 11231      40.109226615795997      17.700452274868923        9.97878506790701
 11232      40.582320995757378      18.419117885444905       10.40215263261662
 11233       40.62891281924103      17.497865652006613       9.198793934418914
