# Coordinates of image in NEB, written by ASE 
22
    51      38.413333550665172      16.796986348666376      10.537249203827091
  3416      36.201573423261806      18.695995814005652      12.451112992227678
  3417      35.372926049253017      18.352446397438285      12.787636221950839
  3418      36.214268115980566      19.611316368915919      12.734344385109081
  4745      38.707949164694234       17.48175597882506      12.412602945265753
  4746      38.042011125520013      18.035861674665281      12.825213895548767
  4747      39.366619267770631      17.348646754713251      13.096473985552146
  6917      37.406157323595707       18.44570538739384      9.9599981200916243
  6918      37.517981146387648      19.110474005947726      9.2782397542051367
  6919       36.70085229572053      18.786464471237018      10.514228636398517
  8342      36.726567048351285      15.833784176984578      11.113587188694645
  8343      36.433573748930939      15.651794536240534      12.008274571513107
  8344      36.031874673895047      15.477819695637333      10.556641180351779
 10241       38.16050138335892        16.0453265642108      8.6653645669402319
 10242      37.676066660386716      16.434056005194755      7.9347987922409944
 10243      38.485306853633666       15.21138069500282      8.3210112239831577
 11081      39.477218167426301      15.127748029010458      11.006759103690811
 11082      40.429418511269411       15.01501310897874      11.017336651388165
 11083      39.132311477838471      14.281565882338567      11.297505848638297
 11231       40.14240944385611      17.681475869499987      9.9448350900026252
 11232      40.614470155535919      18.386267016731384      10.392011532021129
 11233      40.644749291239343       17.52771793978663      9.1426415753721724
