# Coordinates of image in NEB, written by ASE 
22
    51      38.148025422347395      17.050837706799868      10.780105337778181
  3416      36.562951383235685      18.287353489788291      12.005899777960428
  3417      35.902082362173594      17.932360458773527      12.601855012143444
  3418      36.404263240355888      19.232344777515848      12.007460164571922
  4745      38.963874990555702      17.488786163812325      12.622284149850472
  4746      38.760449349088901      18.273345612712646      13.135936629655912
  4747       39.50909830081055      16.956016587944809      13.203775414580447
  6917      37.510870120519115      18.660342127287535      9.6240545873634975
  6918       38.03787019041949      19.202923811420071      9.0349091084000417
  6919       36.62904071993912      19.034906182833893      9.5709313594980703
  8342      36.649558650807869      15.707440513032275      11.245560775580223
  8343      36.439781920403611      15.306433630888733      12.090911601966702
  8344        36.0155354968023      15.326354115037228      10.635409269177384
 10241      37.964198538244446      16.158881293023011      8.9066254034159247
 10242      37.353685066134673      16.394833702343345      8.2058303612108983
 10243      38.518866191590554       15.47764146102849      8.5221782461488065
 11081      39.304839846259661      15.318212233892279      11.097703762181283
 11082      40.233230782573415      15.227544259090795      11.319911163589685
 11083      38.977643907193801      14.417537923818156      11.062389116528479
 11231      39.974055979533134      17.777762900286525      10.116488940386978
 11232      40.452522519709312      18.546756627995762      10.431539831037123
 11233      40.553242796349799       17.38757527383251      9.4593759322050559
