# Coordinates of image in NEB, written by ASE 
22
    51      38.323318292843069      16.883114488033097      10.619646820703354
  3416      36.324145878355154      18.557288207425398      12.300057045791954
  3417      35.544253226202038      18.197400660147125      12.724531969256649
  3418      36.287540732539981      19.496223223055473      12.487817518473541
  4745       38.79539975435172      17.483531849794655      12.483033469529481
  4746       38.25468248284448      18.135026956146778       12.93462327141639
  4747      39.436225366145862      17.206515332722503      13.140185167777647
  6917      37.443375057601983      18.517068583716398      9.8451080514993485
  6918      37.701321400465254      19.153834461928394       9.176370992886314
  6919      36.642709513869136      18.881938485381742      10.227923989922983
  8342      36.700789971255183      15.791104202449496      11.157962818464174
  8343      36.431864784426757      15.532580477629509      12.041294887061497
  8344      36.024578399647211      15.425505246595698      10.584750486758367
 10241      38.093805327664036      16.084034890910193      8.7472199395243422
 10242      37.563242621439016      16.426684431538703      8.0256879323749466
 10243      38.501618686241777      15.292912804274144      8.3903479180693488
 11081      39.418990025578168      15.192596024627536      11.037523241468572
 11082       40.36926290258814      15.092400542961292      11.117828074434337
 11083      39.069341726709276      14.318829859785206      11.221363595692237
 11231      40.085131182864366      17.714234935315744      10.003402712892184
 11232      40.559026792173121       18.44263251801484      10.408863635817829
 11233      40.616712607613657      17.476823266587481      9.2414590492614224
