# Coordinates of image in NEB, written by ASE 
22
    51      38.332793583140138      16.874048368099757      10.610973387347958
  3416      36.311241564397385      18.571885842883336      12.315957588544943
  3417      35.525849436633187      18.213154114237881      12.731169954362512
  3418       36.28022813267215      19.508955683803162      12.513773603238226
  4745      38.786210566099626      17.483325594073627       12.47559213060385
  4746      38.231003206255494      18.125326412846164      12.923179135269505
  4747      39.429935078243837      17.221045331787369      13.135949447858922
  6917      37.439515543461731      18.509507174706766      9.8571698340899871
  6918      37.682444000360704      19.149752522968544      9.1861348038032951
  6919      36.647485322345361      18.872191899708533      10.259527038402513
  8342      36.703519253102812      15.795605307323939      11.153272468967437
  8343       36.43186816521532      15.545034887416229      12.038061125616439
  8344      36.025270467910296      15.430971926928368      10.581854805079018
 10241      38.100821250453492      16.079969569116219      8.7386036766500848
 10242      37.574962529494293      16.427731531734061      8.0160746784651558
 10243      38.500132795197707       15.28391267929428       8.383093832206626
 11081      39.425131309918861       15.18578062239559      11.034280562415738
 11082      40.375887883808311      15.084496698905181      11.107150621927028
 11083      39.075486730063069      14.314495248414268      11.229547007126461
 11231      40.091152191680003       17.71079075168101      9.9972539919043513
 11232      40.564842855121242      18.436784508936583      10.407240414628628
 11233      40.619815378310825      17.482029697852553      9.2306479173872447
