# Coordinates of image in NEB, written by ASE 
22
    51      38.356481808882791      16.851383068266411      10.589289803959469
  3416      36.278982738542624      18.608383102964201      12.355709026203971
  3417      35.480225353115003      18.253128309920495      12.747769260687209
  3418      36.261530146048244      19.540145933853079      12.578658189394073
  4745      38.763217593880121      17.482832012279871      12.457017998444408
  4746      38.173178920726038      18.100282448663389      12.894469382334762
  4747      39.413152945080867      17.257812808483035      13.124995817802882
  6917      37.429802001081129      18.490658109054994      9.8873604075239889
  6918       37.63483693932637      19.139044536737625      9.2115112619967441
  6919      36.660866316311107      18.847464160519277      10.336994431035485
  8342      36.710325822443409      15.806849208665737      11.141566393314037
  8343      36.432060175065523      15.576269075718825      12.029728454875684
  8344      36.027081138542442      15.444681115344649      10.574549605715369
 10241      38.118365829889093      16.069796947149726      8.7170629746156436
 10242      37.604425654291241      16.430066451935907      7.9920903474783609
 10243      38.496178957894713      15.261843096921289      8.3649105256637277
 11081      39.440472115147493      15.168731113848889      11.026178338543289
 11082        40.3921453419524      15.064485232018676      11.080560385479334
 11083      39.091351152342668      14.304085230847448      11.249831127269788
 11231      40.106213005931416      17.702175966073543      9.9818656074690129
 11232      40.579404957208155      18.422074930547172      10.403022947688131
 11233      40.627418735018097      17.495204008152367      9.2040427132730365
