# Coordinates of image in NEB, written by ASE 
22
    51      38.318580647694539      16.887647547999766      10.623983537381052
  3416      36.330598200821981      18.549989657169718      12.292106781089798
  3417      35.553488528803832      18.189575056568959      12.721213329103675
  3418      36.291160997805633      19.489801623513255      12.474839017747021
  4745       38.79999242506122      17.483637010222811      12.486756714645781
  4746      38.266642804165379       18.13980706709992      12.940335185060098
  4747      39.439280358164623      17.199288230197844      13.142272297877362
  6917      37.445298939290005      18.520854211771425       9.839080452053766
  6918      37.710725891559839      19.155831481848782      9.1715710869449047
  6919      36.640449080675751      18.886777574466173      10.211988213432081
  8342      36.699423887753674      15.788852881859752      11.160309691612298
  8343      36.431878949940277        15.5263617495632       12.04289052504005
  8344      36.024239408172171      15.422775622767974      10.586192611021914
 10241       38.09029777119207      16.086066763150267      8.7515280697935793
 10242      37.557396827556261      16.426136396271289      8.0304988337900891
 10243      38.502341044132557       15.29744987057321      8.3939707050787611
 11081      39.415918315229518      15.196002781287069      11.039144965163523
 11082      40.365924023606617      15.096330695696464      11.123175738870234
 11083      39.066312568988707      14.321033926465658      11.217256853745338
 11231      40.082121376915261      17.715956652433068      10.006475661478563
 11232      40.556120713079842      18.445548729765349      10.409661322227084
 11233      40.615148182994155       17.47423379149409      9.2469009511078823
