# Coordinates of image in NEB, written by ASE 
22
    51      38.200139518981246      17.000974047166505      10.732401454323503
  3416      36.491940644270819      18.367581178076382      12.093351448728196
  3417      35.792011405752646      18.005571091854549      12.638308616549434
  3418      36.373481563011723      19.316748073454384       12.15029480798734
  4745      38.914200784279636      17.486849041740292      12.580494398344308
  4746      38.594799530835679      18.241821018773717      13.079247386974821
  4747      39.496163955766541      17.026844986784301      13.187914439526429
  6917       37.49179105399034      18.616860407728232      9.6892718728405409
  6918      37.939591697542667      19.194819207513849      9.0690666145601249
  6919      36.615660323013294      18.997017579372773      9.7821097307343052
  8342      36.664944153185552      15.732395596471575      11.219352266670461
  8343      36.435783785277032      15.372789655343693      12.078188635662535
  8344      36.017414784834493      15.355405181271099      10.620953564058759
 10241      38.002693982382297      16.136699101341954      8.8592329274150998
 10242       37.41446686854534      16.406902037362222      8.1517775110220789
 10243      38.515833915014461      15.419020662933853      8.4835088269403744
 11081       39.33888738979627      15.280963122439513      11.079773004839314
 11082      40.276486933384433      15.189676796763187      11.258883150092483
 11083      39.000329248996373      14.384354103328157      11.111224105176221
 11231      40.007019348141043      17.758915266831263      10.082998920045307
 11232      40.483945408342912      18.516661252835888       10.42636636290781
 11233      40.573289099584876      17.412628024410139      9.3909548661946758
