# Coordinates of image in NEB, written by ASE 
22
    51      38.157500712644463      17.041771586866528      10.771431904422785
  3416      36.550039454551055      18.301938936766682      12.021800054812013
  3417      35.881810517131569      17.945281620673651      12.608482423978918
  3418      36.398939567304801      19.248103002644079      12.033431043357124
  4745      38.954881158364948      17.488400064611881      12.614651426624599
  4746      38.729161522638215      18.268381107360295      13.125958193131449
  4747      39.507315604610575      16.968665270339208       13.20111190798392
  6917      37.507488082408891      18.652353153429797       9.635872594820313
  6918      38.020025021681995      19.202036239809349      9.0405821250133567
  6919      36.625205145516887      19.028752122911218      9.6104947340750204
  8342      36.652366493032204      15.711983358602353      11.240784917689275
  8343      36.438945463893113      15.318440045616676      12.088727097878094
  8344      36.015820384791802       15.33160622511167      10.632821636134317
 10241      37.971195479052547      16.154852393309021      8.8980084301705382
 10242       37.36463295214952      16.397203796580204      8.1959673853873642
 10243        38.5184536305145      15.466740201020416      8.5151851581802056
 11081       39.31103782639039      15.311446138929211      11.094440983039958
 11082      40.241287401645508      15.220816649530242      11.308750490327357
 11083      38.981457319698961      14.411244405652024      11.071374804768569
 11231      39.980045818219843       17.77433864888485      10.110407977444739
 11232      40.458218687862029      18.541344059853639      10.430707920164844
 11233      40.556960236690273       17.39202987254146      9.4466979417923724
