# Coordinates of image in NEB, written by ASE 
22
    51      38.380170034625451      16.828717768433062      10.567606220570978
  3416      36.246726777530448      18.644885012249954      12.395460585933003
  3417      35.435143771705889      18.293935541626333      12.764375277893741
  3418      36.242244182621157      19.570429349351237      12.643534127006228
  4745      38.740201002708886      17.482366704217917      12.438484244238449
  4746      38.117252122783242       18.07415603137391      12.865654556571531
  4747      39.394848236584927       17.29521393900712      13.113506326562412
  6917      37.420003303848027      18.471881387282956      9.9175978396086322
  6918      37.586609472769098      19.127630894586325      9.2382957557292666
  6919      36.676219409897421      18.822293736407552      10.412309983641981
  8342      36.717109016181176      15.818080653015651      11.129888586460766
  8343      36.432511619232827      15.607642070288428      12.021039943059582
  8344      36.029003424344054      15.458449231878717      10.567151526430921
 10241      38.135917338333897      16.059610748138191      8.6955221387873216
 10242      37.634118488205033      16.432002886823135      7.9681735708188404
 10243      38.491885424779127      15.240387513261478      8.3466617885526198
 11081       39.45579528297943      15.151665885022892      11.018082502375208
 11082      40.407972548058495      15.044117898972116       11.05411621003617
 11083      39.107925791504549      14.294280613179286      11.269867792042728
 11231      40.121285989991911       17.69355509430676      9.9664532768198608
 11232      40.593996604092233       18.40724014822603        10.3985840049021
 11233      40.634799371101806      17.508600130214951      9.1780390920078396
