# Coordinates of image in NEB, written by ASE 
22
    51      38.299630067100416      16.905779787866443      10.641330404091844
  3416      36.356408580874522      18.520797215753952      12.260305765409049
  3417      35.590654940452353       18.15861685642362      12.707941002755588
  3418      36.305399552717837      19.463743080293391      12.422922095992663
  4745      38.818348994724282      17.484072108356866      12.501667385952128
  4746       38.31530753678112      18.158445409487058      12.963104632810669
  4747      39.450900902490808      17.170632449464044      13.150418211914445
  6917      37.452953211106667      18.536031273318102      9.8149931877035286
  6918      37.748123440351279      19.163519962873263      9.1529140132371722
  6919      36.632282618158925      18.905885115372751      10.147335351988575
  8342      36.693949832789187      15.779842424659545      11.169708519784031
  8343      36.432042091614356      15.501543747270587      12.049131624491981
  8344       36.02293126697451      15.411882359630678      10.591922626746248
 10241      38.076270222169228      16.094189049205827      8.7687605981455636
 10242      37.534109045625968      16.423779490705396      8.0497714954519815
 10243      38.505092591236689      15.315845487874125      8.4084326816360875
 11081      39.403624316380935      15.209623495915023      11.045634428301765
 11082      40.352390992913705      15.111904980818982      11.144626482696001
 11083      39.054487065755254      14.330096711850546      11.200729031383251
 11231       40.07008674106104       17.72284099994258      10.018758093197967
 11232      40.544509826171563      18.457160903465365      10.412757665060974
 11233      40.608804228968587      17.463968580539124      9.2689115776838324
