# Coordinates of image in NEB, written by ASE 
22
    51       38.35174416373426       16.85591612823308      10.593626520637166
  3416      36.285434277278505      18.601083283934905      12.347758729181995
  3417      35.489306470912076       18.24506643876455      12.744448882959313
  3418      36.265317036566159      19.533980741595993      12.565681939266666
  4745       38.76781827147407      17.482928342649345      12.460729547938401
  4746      38.184589506461599      18.105379730637818      12.900221149369491
  4747       39.41663057648158      17.250408697685874      13.127228743398986
  6917      37.431751802889508      18.494421933100064      9.8813183574442967
  6918      37.644406821274849      19.141242978736727      9.2063244825898476
  6919       36.65802905272097       18.85244793054396      10.321674908206688
  8342      36.708966393672597      15.804601432740016      11.143905346766488
  8343      36.432000911587743      15.570011079030763      12.031423404891578
  8344      36.026709943085542      15.441934494391187      10.576018130165602
 10241      38.114856364271766      16.071832546736726      8.7213711228830135
 10242      37.598514511887338      16.429631559886854      7.9968817247992412
 10243      38.496996968867855      15.266207854462143      8.3685525510764673
 11081       39.43740536783293      15.172142272461786      11.027798272426438
 11082      40.388928476140805      15.068516140805595      11.085866686550469
 11083      39.088121201398771      14.306118667661703      11.245794159024605
 11231      40.103199882754403      17.703899413840801      9.9849451893244385
 11232      40.576490100605341      18.425026968562747      10.403884405119632
 11233      40.625915743478785      17.492551235555009      9.2093155517935159
