# Coordinates of image in NEB, written by ASE 
22
    51      38.309105357397478      16.896713667933106      10.632656970736448
  3416       36.34350317389319      18.535393086493279      12.276206264738143
  3417      35.572026470496432      18.174026806287632      12.714576728917878
  3418      36.298328983199674      19.476847057290964        12.4488811289844
  4745      38.809173645980806      17.483851587297679      12.494208463645295
  4746      38.290808790444302      18.149223943418381      12.951736489814429
  4747      39.445210404757795      17.184909810223729      13.146385606281457
  6917      37.449134512427442      18.528435675683706      9.8270320896457584
  6918      37.729468076148969      19.159736277081805      9.1621343555995622
  6919      36.636188512003045      18.896382965066859      10.179845061917185
  8342      36.696688813591734      15.784348692964528      11.165006837309242
  8343      36.431939156369509      15.513941331175623      12.046039352889116
  8344      36.023575696213214      15.417323904825043      10.589065347727495
 10241      38.083283463192004      16.090128942180421       8.760144331242202
 10242      37.545733770232566      16.424991031776958      8.0401293044399615
 10243      38.503744452303351      15.306598146090691      8.4012075968310924
 11081      39.409772750698266      15.202814402625936      11.042389182327014
 11082       40.35919315351417      15.104147211125152      11.133889048791607
 11083      39.060341395536383      14.325515881961595      11.209013169904301
 11231      40.076103147151976      17.719399332366255      10.012618745738356
 11232      40.550312548359919      18.451365414631173      10.411228511353141
 11233      40.611993401155907       17.46908255324557      9.2578575888892889
